start
connect
connect
0 26
74
92
93
94
95 97
96 98
98
99
100
101
103
104
105
106 108
108
109
110
111
123 125
123 125
133
150 152
151 153
152 154
154
155
156 158
158
159
160
162
162 164
163 165
166
167
167 169
168 170
170
171
172 174
174
175
176
178
179
180
182
183
184
185
187
188
188 190
190
191
192 194
194
194 196
196
198
199
199
200
202
202 204
204
205
206
222 224
224
224
241
241 243
243
244
245
246 248
248
248 250
250 252
251
253
254
255
257
258
259
260
261 263
262 264
264
265
267
268
269
270
271 273
273
274
275
276
278
279
280
282
282 284
284
285
295
296 298
314
315
316 318
318
320
320
322
324
324
325
326 328
327 329
329
330
332
333
334
335
336
337
338
339
341
341 343
341 343
350
359 361
360 362
360 363
362 364
363 365
364 367
365 368
367 369
368 370
370 372
371 373
372 375
374 376
375 377
375 378
378 380
379
381
382
384
385
386
387
388
390
390 392
392
393
394 396
396
397
397
397
398
399 401
400 402
401 403
402 404
404
406
406
406 408
406 408
408
409 411
410 412
412
413
414 416
415 417
417
418
419
419 421
419 421
420 422
422
423
423 425
425 427
427
428
429
429 431
429 431
431
432
433
435
436 438
438
439
439 441
439 441
440 442
442
443
444
445 447
446 448
447 449
448 450
450
451 453
452 454
453 455
456
457
458
459
459
459
460
461 463
463
464
465
466
467 469
468 470
470
471 473
472 474
473 475
476
476 478
477 479
478 480
480
480
480
481
483
484
485
486 488
487 489
488 490
490 492
492
493
494
495
496
497
497
498
499
500
501 503
502 504
504
505
506
507
508 510
510 512
533 535
533 535
564 566
564 566
577
587
587
594
596
596 598
598
599
601
602
603
604
606
607
608
609
610 612
612
612 614
614
615 617
617
618
619
621
621 623
622 624
624
626
626 628
629
843
843
856 858
874
875
876 878
878
878 880
880
882
883
884
885
887
888
888 890
890
891 893
894
894
895
897
897 899
898 900
900
902
902 904
905
905
906
908
909
926 928
928
930
930
936
954
954 956
956
957 959
959
960
961
962
964
965
966
967
969
970
971
972
973
990 992
992
993
994
995 997
997
998
999
1001
1002
1003
1005
1005
1006 1008
1008
1009
1011
1011 1013
1036 1039
1048 1050
1066 1068
1069
1069
1070
1072
1072 1074
1073 1075
1076
1077
1078
1078 1080
1080
1081
1082 1084
1084
1085
1086 1088
1088
1089
1091
1092
1093
1093 1095
1095
1096 1098
1097 1099
1099
1100
1101 1103
1102 1104
1104
1105
1106
1108
1109
1110
1112
1112
1114
1115
1116
1117
1119
1120
1122
1122 1124
1123
1130
1147 1149
1148
1149 1151
1151
1152
1153
1155
1156
1157
1159
1159 1161
1161
1162
1163 1165
1164 1166
1166
1167
1168
1170
1171
1172 1174
1172 1174
1175
1176
1177
1179
1180
1181
1182
1184
1185
1185 1187
1187
1189
1189
1207
1208
1209
1210 1212
1211
1212 1214
1214
1215
1217
1218
1219
1221
1221
1222 1224
1224
1225
1226
1228
1228 1230
1230
1231
1232 1234
1234
1235
1236
1238
1238 1240
1239 1241
1242
1242 1244
1243 1245
1245
1246
1247 1249
1248 1250
1250
1251
1253
1254
1255
1257
1320
1337
1338 1340
1339 1341
1341
1342
1343 1345
1344 1346
1346 1348
1346 1348
1348 1350
1349 1351
1351
1351 1353
1354
1354 1356
1355 1357
1355 1357
1355 1357
1356 1358
1358 1360
1359 1361
1361
1361 1363
1361 1363
1361 1363
1364
1364
1365 1367
1366 1368
1367 1369
1367 1369
1368 1370
1369 1371
1371
1371 1373
1373
1373 1375
1373 1375
1374 1376
1376
1376 1378
1378
1379
1380 1382
1380 1382
1380 1382
1381 1383
1383
1384
1385 1387
1386 1388
1387 1389
1387 1389
1388
1389
1390 1392
1391 1393
1392 1394
1394
1394 1396
1394 1396
1395
1398
1401
1401
1407
1407
1413
1413
1419
1419
1424 1426
1424 1426
1431
1431
1438
1438
1443 1445
1443 1445
1450
1450
1454
1455 1458
1455 1458
1464
1464
1470
1470
1471
1471 1473
1472 1475
1474 1476
1475 1478
1475 1478
1475 1478
1476 1478
1476 1479
1478 1480
1480
1481 1483
1482
1482
1482 1484
1483 1485
1485
1486 1488
1487 1489
1488 1490
1488 1490
1488 1490
1490
1492
1492 1494
1494
1495
1495
1495
1496
1498
1498 1500
1499 1501
1501
1501
1501
1503
1504
1505
1506
1508
1508
1508
1508 1510
1510
1511
1512
1514
1514
1514 1516
1514 1516
1515 1517
1517
1518 1520
1520
1521
1521
1521
1522
1523 1525
1524 1526
1526
1527
1528 1530
1530
1531
1531
1531
1532
1534
1534 1536
1536
1538
1538 1540
1538 1540
1538 1540
1540
1541
1542
1543 1545
1545
1546
1547
1547
1547 1549
1548
1549 1551
1551
1552
1553
1553
1553
1554 1556
1556
1557 1559
1558 1560
1560
1560
1560
1561
1562
1563 1565
1565
1565 1567
1567
1567
1567 1569
1569
1569 1571
1571
1572
1573
1574
1574
1575
1576
1577
1578
1580 1582
1582
1582
1584
1584
1584
1584
1584
1584 1586
1584 1586
1585
1585
1585
1586 1588
1587
1587 1589
1587 1589
1588 1590
1590
1591 1593
1592 1594
1593 1595
1595
1595
1595
1596
1597
1599
1600
1601
1603
1604
1604
1604
1604 1606
1606 1608
1608
1608 1610
1609 1611
1611
1611
1611
1612
1613 1615
1615
1616
1617
1619
1619
1619
1620
1620 1622
1622
1623
1624 1626
1627
1640 1642
1644
1644 1646
1652
1652
1657 1659
1658 1660
1660
1660
1660 1662
1661
1662 1664
1664
1665
1666 1668
1667
1667
1667 1669
1669
1671
1671 1673
1673
1674
1675
1675
1675
1677
1678
1679
1680
1681
1682 1684
1684
1684 1686
1684 1686
1686
1686 1688
1688
1689
1690
1691
1693
1694
1695
1696
1698
1699
1700
1701 1703
1703
1704
1704 1706
1704 1706
1704 1706
1706
1707 1709
1709
1710
1711
1712
1714
1715
1716
1717 1719
1717 1719
1717 1719
1719
1719 1721
1721
1722 1724
1723 1725
1725
1726
1727
1729
1730
1731
1734
1740 1742
1759
1759 1761
1760 1762
1762
1763
1764
1766
1766 1768
1767 1769
1769 1771
1771
1771 1773
1773
1774
1775 1777
1777
1778
1779
1781
1781 1783
1783
1784
1785
1786 1788
1788
1789
1790
1792
1793
1794
1796
1796 1798
1800
1800
1801
1803
1804
1805
1806 1808
1807 1809
1809
1810
1811 1813
1812 1814
1814
1815
1816 1818
1817 1819
1818 1820
1821
1821 1823
1822 1824
1825
1825
1826
1828
1829
1830
1832
1832 1834
1834
1835
1836
1838
1838 1840
1840
1841
1842
1844
1845
1847
1848
1848 1850
1850
1851
1853
1871
1889
1890
1891
1893
1894
1895
1896
1897 1899
1899
1899 1901
1900 1902
1901 1903
1903 1905
1905
1905 1907
1908
1920
1937
1938
1939 1941
1941
1942
1943
1945
1946
1948
1971
1977
1991 1993
1993
1993
2005 2008
2011 2014
2017 2019
2026
2029
2036
2043
2055
2055 2058
2055 2059
2060
2061
2061
2062
2062
2063 2065
2064
2067
2069
2082 2084
2087 2089
2104 2106
2107
2107
2109
2110
2111 2113
2113
2115
2117 2119
2118 2120
2118 2120
2120 2122
2123
2123
2134
2143
2159
2177
2178
2179
2181
2182
2183
2184
2186
2187
2188
2189
2191
2192
2210
2210 2212
2214
2219
2235 2237
2240
2257
2258
2259 2261
2261
2263
2266
2271
2280
2297 2299
2298 2300
2299 2301
2301
2302 2304
2303 2305
2304 2306
2305 2308
2307 2309
2308 2310
2309 2311
2310 2312
2312 2314
2313 2315
2314 2316
2315 2318
2317 2319
2319
2319 2321
2320 2323
2323
2323 2325
2324 2326
2326
2328
2329
2330
2331
2332 2334
2334
2335
2335 2337
2336 2338
2339
2340
2341
2342
2344
2345
2346
2346 2348
2364
2365 2367
2367
2368
2369
2370
2371 2373
2386 2388
2505
2505
2525
2525
2541
2541
2572 2574
2572 2574
2605
2605
2633 2635
2633 2635
2645 2647
2645 2647
2652
2652
2659 2661
2659 2661
2703
2705 2707
2722 2724
2724
2726
2727
2728
2729
2731
2732
2732 2734
2735
2735 2737
2737
2738
2739
2739 2741
2759 2761
2777
2778
2779 2781
2781
2782
2783
2784
2786
2786 2788
2788
2790
2791
2792
2792 2794
2794 2796
2795 2797
2797
2797 2799
2815
2816
2818
2819
2820
2821
2823
2824
2825
2827
2828
2829
2830
2831
2833
2833 2835
2835
2837
2837 2839
2838 2840
2840
2841 2843
2843
2844
2845
2846
2847 2849
2849
2850
2852
2852 2854
2854
2855
2856
2857 2859
2859
2860
2861
2863
2864
2865
2866
2867
2868 2870
2870
2871
2873
2873
2911
2911
2940
2940
close
close
start
connect
connect
0 38
59 61
77
78
80
81
82 84
83 85
84 86
85 87
86 88
88
89 91
90 92
91 93
109
110
111
112 114
113 115
114 116
115 117
116 119
118 120
120
121 123
122 124
123 125
123 126
126 128
128
129
130
130 132
132 134
133 135
134 136
136
137 139
138 140
140
141
142
143 145
144 146
145 147
147 149
149
160
178
178 180
180
181
182
183
184 186
185 187
187
188
190
191
192
193
195
196
198
203 205
221 223
223
224 226
225 227
226 228
228
229
230
232
232
250
251
252
253 255
254 256
257
257
258 260
259 261
261
262
263
265
266
266 268
268
269 271
270 272
273
273 275
275
276
277
278
279 281
280 282
282 284
283 285
284 286
285 287
287
288
289 291
291
292
293
294 296
296
297
298
299
300 302
301 303
301 303
304
310 312
328
329
331
332
333
334 336
335 337
337
338
339
340 342
341 343
343
344
345 347
347
348
350
351
351 353
353
353 355
355
357
358
359
359 362
361 363
363
364
365 367
367
367 369
369 371
370 372
371 373
372 374
373 375
376
380 382
398
398 400
399 401
402
402
404 406
404 406
405 407
407
408
410
411
412
413 415
414 416
416
416 418
434 436
436
436 439
438 440
440
441
442
442 445
444 446
446
447 449
447 450
450 454
456
457
458 460
459 461
463
464
465
467
467
468
470 472
473
474
475
476
477
478 480
479 481
480 482
483
484 486
486
487
489
489
490 492
490 492
490 492
498
502
508
510
512
515 517
518
519
519
520
522
523
525
526 528
528
529
530
531
533
534
535
537
537 539
538 540
540 542
541 543
542 544
542 544
542 544
543 545
544 546
546
548
549
550
551
552 554
553 555
554 556
556
558
558
558
559
559 561
561 563
562 564
563 565
564 566
565 567
566 568
569
570
571
573
574
575
576
577
579
598 600
617
618
619
620 622
621 623
621 623
621 623
622 624
624
625
626 628
627 629
628 630
629 631
631
632 634
634
634
634
634
634 636
636 638
636 639
637 640
640
640 642
643
643
643
644 646
644 647
645 648
647 649
648 650
650 652
650 653
652 654
653 655
654 656
656 658
657 659
659 661
659 661
659 661
659 661
660 663
662 664
663 665
664 667
666 668
666 668
666 668
666 669
667 670
670 672
672
672 674
672 674
672 675
674
675 677
676 678
678
679
679 681
679 681
680
682
682 684
683 685
686
686
686
687
688
689
690
691
692
692
692 694
694
695
696 698
698
699
700
701
703
704
705
706 708
707 709
707 709
707 709
709
710
711 713
713
714
714 716
714 716
714 716
715 717
717 719
719
719 721
721
721
721
723
724
725
726
727 729
727 729
727 729
729 731
729 731
730 732
732 734
733 735
735
736
737 739
739
740
741
742
744
745
747
767
767
775
775
782
782
788 790
788 790
796
796
802
802
808 810
808 810
822
822
835
835
872
872
1086 1088
1104 1106
1105 1107
1105 1108
1107 1109
1109 1111
1112
1112 1114
1113 1115
1115
1116 1118
1117 1119
1119
1119 1121
1121
1122 1124
1124
1125 1127
1126 1128
1127 1129
1128 1130
1130
1130 1132
1132 1134
1134 1136
1135 1137
1135 1138
1137 1139
1138 1140
1139 1141
1140 1143
1142 1144
1143 1145
1144 1146
1146
1148
1149
connect
1150 1152
1152
1152 1154
1153 1155
1154 1156
1156
1157
1158 1160
1159 1162
connect
0 1173
1178
1178 1180
1190 1192
1190 1192
1206 1208
1206 1208
1214
1218
1218 1220
1218 1220
1221
1226
1226
1228
1235
1235
1236
1237 1239
1242
1243
1244
1252
1252
1252
1259
1259 1261
1260
1265
1265 1267
1265 1267
1272
1272 1274
1279
1278 1280
1279
1285
1285
1295
1302
1320
1320 1322
1322
1321 1323
1323
1323
1324 1326
1325 1327
1326 1328
1329
1329
1329 1331
1331
1330 1332
1333
1332 1334
1333 1335
1335
1336
1337
1338 1340
1339 1341
1340 1342
1342 1344
1343 1345
1345
1345
1346
1346
1348
1347
1349
1349 1351
1349 1352
1354
1372
1650
1668
1669
1670 1672
1671 1673
1671 1674
1673 1675
1674 1676
1676 1678
1677 1679
1678 1680
1679 1681
1681
1682 1684
1683 1685
1684 1686
1686
1687
1688 1690
1690
1690 1692
1691 1693
1693 1695
1694 1696
1696
1697 1699
1698 1700
1699 1701
1700 1702
1702
1704
1705
1705 1707
1706 1708
1708 1710
1709 1711
1710 1712
1711 1713
1713 1715
1714 1716
1715 1717
1717 1719
1719
1720
1721
1722
1723 1725
1724 1726
1725 1727
1726 1728
1728 1730
1729 1731
1730 1732
1732 1734
1733 1735
1735
1736
1753
1754 1756
1756
1756 1758
1758 1760
1759 1761
1760 1762
1761 1763
1762 1764
1765
1766
1767 1769
1768 1770
1769 1771
1788
1805
1806
1807
1808
1809
1810
1811
1812
1814
1815
1816
1817
1819
1829
1854
1870
1871
1872
1874
1875
1876
1876 1878
1877
1879
1880
1881
1885
1894 1896
1896
1897
1896 1898
1898
1899
1900
1901 1903
1903
1904
1905
1906 1908
1907 1909
1908 1910
1911
1912
1913
1914
1915
1916
1917 1919
1919
1920
1922
1922
1923
1924
1925
1926 1928
1928
1929
1930
1931
1932 1934
1933 1935
1935 1937
1937
1939
1937 1939
1938 1940
1940
1941
1939 1941
1941
1942
1943
1943
1944
1945
1946
1948
1949
1950
1951
1956
1957
1960
1960
1961 1963
1962 1964
1963 1965
1965 1967
1967
1968
1969
1970
1971
1973
1974
1975
1977
1976 1978
1978
1977 1979
1979
1978 1980
1980
1979 1981
1981
1981 1983
1983
1982 1984
1984
1983 1985
1985
1984 1986
1986
1987
1987 1989
1988 1990
1989 1991
1991 1993
1992 1994
1994
1994 1996
1995 1997
1998
1997 1999
1998 2000
1999 2001
2001 2003
2002 2004
2002 2004
2002 2005
2005 2007
2013
2014
2015
2014 2016
2017
2018
2019
2020
2021
2022
2024
2025
2026
2028
2029
2032
2033
2035
2036
2037
2038
2039 2041
2040 2042
2042
2044
2045
2046
2046
2047
2047
2048
2049
2048 2050
2049 2051
2050 2052
2050 2052
2066
2067
2068 2070
2067 2071
2067 2071
2067 2071
2070
2072
2071
2073
2072
2074
2073 2075
2075
2074 2076
2076
2076
2078
2078 2080
2078 2081
2080 2082
2082 2084
2084
2085
2086
2087
2089
2090
2090 2092
2092
2092
2093
2094
2094
2096
2095
2096
2098
2097
2099
2098
2099 2101
2101
2101
2100 2102
2101 2103
2103 2105
2104 2106
2105 2107
2107
2108
2110
2110
2110
2110 2112
2112 2114
2113 2115
2114 2116
2115 2117
2117
2119 2121
2120
2121 2123
2137
2138
2139
2140
2141
2143
2144
2145
2146
2147
2148
2148
2149 2151
2149 2151
2151
2154
2154
2165
2165
2165
2166
2167 2169
2168 2170
2170
2172
2173
2174
2175 2177
2176 2178
2178
2178 2180
2180
2181
2181
2182
2182 2184
2184
2184
2185
2184 2186
2186
2187
2186 2188
2189
2187 2189
2188 2190
2190
2190
2191
2192
2191
2193
2192 2194
2194
2193 2195
2195
2195
2197
2196 2198
2198
2197 2199
2198 2200
2200
2199 2201
2201
2203
2203 2205
2204 2206
2206
2207 2209
2209
2210
2211
2211
2212
2213 2215
2214 2216
2215 2217
2217
2219
2220
2221
2222 2224
2224
2224 2226
2227
2228
2228
2229
2228 2230
2230
2231
2231
2232
2234
2235
2236
2237
2238
2240
2254
2271
2272
2273
2275
2276
2277
2278
2279
2280
2281
2282
2284
2285
2286
2302
2303
2306
2320
2326
2331
2331
2347
2349
2350
2351
2352
2353
2354
2355
2357
2358
2358
2373
2374
2382
2398
2399
2400
2401
2402
2403
2404
2405
2406
2408
2409
2410
2411
2415
2427
2428
2429 2431
2430 2432
2432
2433
2431 2433
2433
2434
2435
2435
2436
2436
2437
2437
2438
2438
2439
2438 2441
2441
2442
2442
2441 2443
2441 2443
2441 2443
2443 2445
2444 2446
2445 2447
2446 2448
2448 2450
2448 2451
2450 2452
2451 2453
2454
2452 2454
2454 2456
2455 2457
2456 2459
2457 2459
2459 2461
2472 2474
2472 2474
2500
2500
2527 2529
2527 2529
2545
2546
2548
2548 2550
2550 2552
2552
2553
2553 2555
2555 2557
2555 2557
2555 2557
2558
2559
2560
2562 2564
2563 2565
2564 2566
2565 2567
2565 2568
2567 2569
2568 2570
2569 2571
2570 2572
2573
2574
2576
2578
2578
2579
2580
2581
2582 2584
2584
2584 2586
2586 2588
2589
2590
2591
2592
2593 2595
2596
2596
2598
2599
2600
2601
2602
2603 2605
2604 2606
2607
2607
2611
2611
2612
2613 2615
2614 2616
2616
2617
2618 2620
2620 2622
2622
2623
2623 2625
2624 2626
2625 2627
2626 2628
2627 2629
2629 2631
2632
2634
2634 2636
2635 2637
2637
2638
2639 2641
2642
2642
2644
2644 2646
2645 2647
2648 2650
2652
2652
2652 2654
2654
2656
2661
2663
2663
2663
2664
2664
2668 2670
2668 2671
2671 2673
2671 2673
2672 2674
2674
2675 2677
2676 2678
2677 2679
2679 2681
2680 2682
2683
2685
2685 2687
2687
2688 2690
2689 2691
2689 2691
2690 2693
2693 2695
2694 2696
2695
2697
2699
2700
2701
2702
2703
2704
2705 2707
2708
2709
2710 2712
2711 2713
2712 2714
2714
2715 2717
2716 2718
2717 2719
2719
2719 2721
2722
2722 2724
2723 2725
2724 2726
2727
2728
2730
2730 2732
2732
2733
2733 2735
2735
2736
2737 2739
2739
2739 2742
2741 2743
2743
2744
2744 2746
2746
2747 2749
2749
2749 2751
2750 2752
2751 2754
2754
2755
2755 2757
2757
2759
2760 2762
2761 2763
2762 2764
2763 2765
2765
2766
2767 2769
2768 2770
2770
2771
2772
2774
2775
2776
2777 2779
2778 2780
2779 2781
2781
2782 2784
2784
2785 2787
2787 2789
2787 2789
2806
2806
2841
2858 2860
2860 2862
2861 2863
2862 2864
2864
2865
2866 2868
2867 2869
2869
2869 2871
2871 2873
2872 2874
2873 2875
2875 2877
2876 2878
2878
2878 2880
2880
2881 2883
2882 2884
2884
2885
2886 2888
2887 2889
2888 2890
2889 2891
2890 2893
2892 2894
2893 2895
2894 2896
2895 2898
2897 2899
2899
2900 2902
2900 2902
2902 2904
2903 2905
2904 2906
2907
2907 2909
2908 2910
2910 2912
2910 2913
2911 2914
2913 2915
2914 2916
2916 2918
2916 2919
2917 2920
2922
2922 2924
2923 2925
2924 2926
2925 2927
2927 2929
2928 2930
2929 2931
2931 2933
2932 2934
2933 2935
2935
2936
2937 2939
2938 2940
2939 2941
2941
3135
3152 3154
3154
3155
3156
3157 3159
3159
3160
3161
3162 3164
3164
3165
3165 3167
3168
3168 3170
3170
3171 3173
3172 3174
3173 3175
3175
3176
3177 3179
3178 3180
3180
3181
3182
3184
3185
3186
3187
3188 3190
3189 3191
3191 3193
3192 3194
3193 3195
3193 3196
3196
3197 3199
3198 3200
3200
3201
3202
3203 3205
3205
3206
3207 3209
3208 3210
3209 3211
3213 3215
3231
3232
3232 3235
3234 3236
3236 3238
3237 3239
3238 3240
3239 3241
3241
3242
3243 3245
3245
3246
3247 3249
3248 3250
3249 3251
3250 3252
3252
3252 3255
3254 3256
3256
3258
3258 3260
3259 3261
3260 3262
3261 3263
3262 3264
3265
3266
3267
3268 3270
3269 3271
3270 3272
3273
3274
3275
3275 3277
3277
3277 3279
3279 3281
3280 3282
3282
3283
3284 3286
3285 3287
3286 3288
3288
3289 3291
3291
3292
3293
3294
3294 3297
3297
3298
3299
3300 3302
3301 3303
3302 3304
3305
3306
3307
3308
3309
3310 3312
3312 3314
3316
3333 3335
3335
3336
3337
3338 3340
3340
3341
3342
3343 3345
3343 3346
3346 3348
3347
3347 3350
3350
3350 3352
3352 3354
3353 3355
3354 3356
3355 3357
3356 3359
3358 3360
3359 3361
3360 3362
3361 3364
3362 3365
3365
3365 3367
3365 3369
3369
3369
3370
3371
3372
3373 3375
3374 3376
3376
3377 3379
3378 3380
3379 3381
3380 3382
3382 3384
3384
3385
3386
3387
3404
3405 3407
3406 3408
3408
3409 3411
3410 3412
3411 3413
3412 3414
3413 3415
3415 3417
3416 3418
3417 3419
3418 3421
3422
3430
3447 3449
3448 3450
3450
3451 3453
3452 3454
3453 3455
3455
3456
3457 3459
3458 3460
3460
3461
3462
3462 3464
3463 3465
3465
3466 3468
3467 3469
3469
3470
3471
3472
3473 3475
3475
3476 3478
3478
3478 3480
3481
3480
3482
3481
3483
3482
3484
3483 3485
3485
3484 3486
3486
3485 3487
3487
3487
3489
3488 3490
3490
3491
3490 3492
3492
3490 3493
3492
3493
3493 3495
3494 3496
3495 3497
3496 3498
3499
3500
3501
3502 3504
3503 3505
3505
3506
3507
3508 3510
3509 3511
3510 3512
3511 3513
3512 3514
3515
3516
3517 3519
3518 3520
3520
3521
3522
3523 3525
3524 3526
3525 3527
3527
3527
3527 3530
3528 3531
3530 3532
3532 3534
3533 3535
3534
3535
3536
3537
3538 3540
3539 3541
3540 3542
3541 3543
3543
3545
3546
3547
3548
3549 3551
3551
3552
3552 3555
3553 3556
3556
3555 3557
3557
3557 3559
3558 3560
3561
3562 3564
3563 3565
3564 3566
3566
3567
3568
3569 3571
3570 3572
3571 3573
3572 3574
3574
3574
3575
3575 3577
3577
3577
3578
3577 3579
3579
3578 3580
3580 3582
3582
3581 3583
3583
3584
3585 3587
3585 3588
3588 3590
3588 3590
3589
3590 3592
3591 3593
3593
3595
3596
3597
3598
3599 3601
3600 3602
3601 3603
3603
3604 3606
3605 3607
3607 3609
3608 3610
3609 3611
3610 3612
3612
3612 3614
3614
3615 3617
3616 3618
3619
3618
3619 3621
3620 3622
3621 3623
3622 3624
3624
3625 3627
3627
3628
3629 3631
3630 3634
3630 3634
3634
3635 3637
3636
3638
3636 3638
3638
3639
3639
3640
3640
3641
3643
3641 3644
3642 3644
3644
3644
3645
3645 3647
3647
3647
3648
3647 3649
3649
3648 3650
3650
3650 3652
3652
3651 3653
3652
3652 3654
3653 3655
3655 3657
3656 3658
3657 3659
3658 3660
3659 3661
3660 3663
3663
3664
3667
3669
3671
3676
3695
3696
3697
3697
3698
3700
3701
3702
3703
3704 3708
3704 3708
3704 3708
3709
3709
3711
3714
3721
3729
3747
3748
3750
3751
3752
3754
3755
3756
3757
3759
3760
3761
3762
3764
3765
3766
3767
3769
3770
3771
3771
3773
3774
3775
3776
3778
3779
3780
3782
3783
3789
3790
3792
3791
3791 3793
3794
3794 3796
3795 3797
3797 3799
3798 3800
3800
3801
3802 3804
3803 3805
3803 3806
3805 3807
3806 3809
3810
3808 3811
3809 3811
3811
3809 3812
3813
3811 3813
3814
3812 3815
3815
3814 3816
3816
3815 3817
3817
3818
3817 3819
3819
3818 3820
3821
3820
3821
3822
3823
3822 3824
3824
3824
3826
3824 3826
3827
3825 3827
3828
3827
3829
3829
3830
3830
3832
3831
3833
3832 3834
3833 3835
3834
3834 3836
3836
3835 3837
3837
3838
3838
3839
3840
3840
3841
3840 3843
3840 3843
3842 3844
3843
3843 3845
3845
3844 3846
3846
3845 3847
3847
3848
3848
3848 3850
3850
3849 3851
3851
3850 3852
3852
3852
3853
3854
3855
3854 3856
3856
3856 3858
3857
3857
3857 3859
3859
3857 3859
3857 3860
3860
3859 3861
3861
3861
3863
3862 3864
3864
3864
3865
3864 3866
3866
3866 3868
3868
3867 3869
3867 3870
3870
3868 3871
3870 3872
3872
3874
3875
3875 3877
3877
3878 3880
3879 3881
3880 3882
3882
3883 3885
3885 3887
3892
3909 3911
3910 3912
3911 3913
3913
3914 3916
3915 3917
3916 3918
3918
3919
3920 3922
3923
3921 3923
3922 3924
3924
3926
3927
3928
3929 3931
3930 3932
3932
3931 3933
3932 3934
3933 3936
3936
3937
3938 3940
3940
3941
3942
3944
3944 3946
3945 3947
3946 3948
3948
3949 3951
3951
3952
3953
3954 3956
3955 3957
3956 3958
3957 3959
3959
3959
3959 3961
3960 3962
3961 3963
3963
3964 3966
3965 3967
3966 3968
3967 3969
3969
3970 3972
3971 3973
3973
3974 3976
3975 3977
3976 3978
3978
3979
3980 3982
3982
3982 3984
3983 3985
3984 3986
3986 3988
3988
3989
3990 3992
3991 3993
3993
3994
3995
3996 3998
3997 3999
3998 4000
4001
4001 4003
4003 4005
4003 4005
4006
4006 4008
4007 4009
4009
4011
4010 4012
4011
4012 4014
4013 4015
4015
4017
4018
4019
4020
4021 4023
4022 4024
4024
4025
4026 4028
4027
4027 4029
4029
4028 4030
4030
4029 4031
4031
4032
4033
4033
4034
4034
4035
4035
4036
4036
4038
4037 4039
4039
4039
4040
4040
4041
4041
4043
4042 4044
4044
4043 4045
4045
4044 4046
4047
4047
4048
4048
4049
4049
4050
4050
4051
4051
4053
4052 4054
4054
4054
4054 4056
4056
4056
4057 4059
4059
4060
4061
4062 4064
4063 4065
4064 4066
4065 4067
4068
4068
4069
4069
4073
4074
4079
4080
4087
4088
4089 4091
4090 4092
4092
4093 4095
4093 4096
4095 4097
4097
4096 4098
4098
4098
4099
4099 4101
4100
4101
4102
4101 4103
4103
4103
4104
4104 4106
4105
4105 4107
4107
4106 4108
4108
4109
4109
4109 4111
4110
4112
4111
4113
4113 4115
4114 4116
4112 4116
4112 4116
4114 4116
4115 4117
4117
4117
4118
4118
4119
4119 4121
4121
4120 4122
4122
4121 4123
4123
4122 4124
4125
4123 4125
4126
4126
4127
4127
4128
4128
4129
4130
4130 4132
4131 4133
4133
4132 4134
4135
4136
4137
4138
4139
4140
4143 4145
4143 4145
4151
4152
4153
4155
4156
4157
4158
4160
4161
4162
4162
4164
4165
4166
4168
4167 4169
4169
4170
4171
4173
4174
4175
4176
4178
4177 4179
4179
4180
4182
4182
4183
4184
4185
4187
4190
4194
4197
4198
4203
4210
4220
4221
4222
4222
4223
4225
4226
4227
4228
4230
4230
4232
4233
4234
4235
4237
4238
4239
4238 4240
4240
4240
4241
4240 4243
4242
4242 4244
4243
4245
4244 4246
4246
4245 4247
4247
4246 4248
4248
4247 4249
4249 4251
4249 4251
4249 4253
4249 4253
4249 4253
4251 4253
4253
4252 4254
4254
4253 4255
4255
4254 4257
4257
4255 4257
4258
4257 4259
4259
4258 4260
4260
4260
4261
4262
4260 4263
4263
4261 4264
4265
4263 4266
4266
4264 4266
4267
4265 4268
4268
4267 4270
4270
4270 4273
4273
4272 4274
4274
4275
4276
4277 4279
4278 4280
4279 4281
4280 4282
4283
4284
4285
4286 4288
4287 4289
4288 4290
4290
4290
4291
4291
4292
4292
4293
4295
4294
4296
4295
4297
4296 4298
4298
4297 4299
4299
4298 4300
4301
4299 4301
4302
4301
4303
4302 4304
4304
4303 4305
4305
4306
4306
4306 4308
4307
4308
4310
4311
4312
4313
4315
4316
4317
4318
4319
4320
4321
4323
4324
4325
4326
4326
4326
4327
4333
4332 4334
4341
4340
4341
4350
4351
4352
4354
4355
4356
4357
4359
4358
4360
4359
4361
4360 4362
4362
4361 4363
4363
4363
4364
4365
4364
4365
4367
4366 4368
4367 4369
4369
4370 4372
4371 4373
4372
4372 4374
4373 4375
4375
4375 4377
4378
4379
4380 4382
4381 4383
4382 4384
4383 4385
4384 4387
4386 4388
4387 4389
4388
4389
4388 4390
4390
4390 4392
4391
4391 4393
4392
4392 4394
4394
4394
4395
4395
4396
4396
4397
4398
4397 4399
4400
4398 4400
4401
4400
4402
4402
4403
4403
4404
4404
4405
4405
4406
4406 4408
4408
4407 4409
4408 4410
4409 4411
4410 4412
4412 4414
4414
4414
4415
4416 4418
4417 4419
4419
4420
4421 4423
4422 4424
4424
4424 4426
4426
4426 4429
4428 4430
4430
4429 4431
4431
4430 4432
4433
4433
4434
4434
4435
4435
4436
4436
4437
4437 4439
4439
4438 4440
4440
4440
4441
4441
4442
4442 4444
4443 4445
4444 4446
4445 4447
4446 4448
4449 4451
4453
4458
4458 4460
4460
4461
4460 4462
4462
4463
4464
4465
4465 4467
4466
4468
4468
4469
4470
4471
4472
4472 4474
4474
4475
4476
4477
4476 4478
4478
4479
4480
4481
4483
4485
4485
4491 4493
4493
4494
4496
4497
4497 4499
4498 4500
4499 4501
4501
4502
4503
4504 4506
4505 4507
4507
4508 4510
4510
4511
4511
4519
4520
4528
4529
4531
4532
4533
4534
4534
4535 4537
4538
4537 4539
4537 4539
4540 4542
4540 4542
4548
4564
4565
4566
4566 4568
4568
4569
4570
4571
4573
4572 4574
4574
4575
4577
4584 4586
4584 4586
4588
4590
4591
4591
4591 4593
4593
4593 4595
4594 4596
4595 4597
4597 4599
4597 4599
4597 4599
4599 4601
4600 4602
4602
4603
4604
4604
4605
4605
4606
4606 4608
4608
4607 4609
4607 4609
4607 4609
4609
4608 4610
4610
4609 4611
4611
4611
4611
4613
4617
4617 4623
4617 4623
4623 4627
4623 4627
4632 4634
4632 4634
4634
4635
4636
4637
4639
4640
4641
4641
4646
4646 4648
4647 4649
4658
4659 4662
4659 4662
4659 4662
4659 4663
4663
4664
4666
4664 4667
4667
4665 4668
4669
4668
4668 4670
4669 4672
4671 4673
4672 4674
4674
4673 4675
4675
4677
4678
4679
4680 4682
4681 4683
4682 4684
4683 4685
4684 4686
4687
4686 4688
4687 4689
4688 4690
4690
4690 4692
4693
4693 4695
4694 4696
4696 4698
4697 4699
4698 4700
4699 4701
4700 4703
4701 4704
4703 4705
4704 4706
4706 4708
4707 4709
4708 4710
4708 4711
4710 4712
4711 4714
4713 4715
4715
4715 4718
4715 4720
4715 4720
4718 4721
4721
4722 4724
4723 4725
4724 4726
4726
4727
4728 4730
4730
4730 4732
4732 4734
4734 4736
4735 4737
4738
4738 4740
4739 4741
4742
4742 4744
4744
4745 4747
4745 4747
4746 4749
4748
4749 4751
4750 4752
4752 4754
4753 4755
4756
4757 4759
4758 4760
4759 4762
4761 4763
4762 4769
4768 4770
4770 4772
4772
4773 4775
4773 4775
4774 4776
4776
4777 4779
4779
4780 4784
4780 4785
4785
4786
4787 4789
4788 4790
4789 4791
4791 4794
4793 4795
4794 4796
4796
4797 4799
4798 4800
4800
4801
4803
4804
4805
4806
4807 4809
4809 4811
4813
4813
4813 4815
4815
4816 4818
4818
4819
4821 4823
4823
4823 4825
4825
4826
4827
4828
4830 4832
4830 4832
4832
4835
4835
4835 4837
4837
4838 4840
4839 4841
4842 4844
4845
4845 4847
4845 4847
4847
4848 4850
4851
4854
4854 4856
4855 4857
4857 4859
4858 4860
4858 4861
4862
4863
4863 4865
4865
4866
4867
4869
4872
4872
4873
4874 4876
4875 4877
4877
4878 4880
4879 4881
4880 4882
4882
4884
4884 4886
4885 4887
4887
4888 4890
4890
4893
4893
4894
4895 4897
4897
4898
4899
4900 4902
4901 4903
4903
4904 4906
4906
4907
4908
4909
4910 4912
4911 4913
4912 4914
4913 4915
4915
4917
4918
4919 4921
4921
4922
4922 4924
4924
4925 4927
4927
4928
4929 4931
4930 4932
4931 4933
4931 4934
4934 4936
4935 4937
4937
4938
4938 4940
4940 4942
4941 4943
4942 4944
4944
4945
4947
4948
4950
4951
4952
4953
4954
4955 4957
4956 4958
4957 4959
4959 4961
4960 4962
4962
4963
4964
4965
4966 4968
4968
4969
4970
4971 4973
4972 4974
4974
4975
4976
4978
4979
4980
4982
4983
4984
4985
4986 4988
4987 4989
4989
4990
4991
4992
4994
4995
4995 4998
4996 4999
4998 5000
5000
5002
5003
5004
5005
5005 5007
5006 5008
5009
5010
5011
5012 5014
5013 5015
5015
5016
5017 5019
5019 5021
5019 5021
5020 5022
5022
5024
5025
5026
5027
5029
5030
5031
5032 5034
5033 5035
5034 5036
5035 5037
5038
5039
5040
5041 5043
5042
5043
5044 5046
5045 5047
5046 5048
5049
5050
5053
5053 5055
5054 5056
5055 5057
5056 5058
5057 5059
5058 5061
5060 5062
5062 5064
5063 5065
5065
5066
5067
5068 5070
5069 5071
5071
5072
5072 5074
5074 5076
5075 5077
5076 5078
5078
5080
5081
5082
5083 5085
5084 5086
5085 5087
5087
5088 5090
5089 5091
5090 5092
5091 5093
5093 5095
5094 5096
5095 5097
5096 5098
5098
5100
5101
5102
5103
5104 5106
5105 5107
5107
5107 5109
5108 5111
5110 5112
5111 5113
5113
5113 5115
5115 5117
5116 5118
5117 5119
5118 5120
5120
5122
5122 5124
5124 5126
5126
5127
5128
5129
5130 5132
5132
5133
5133 5135
5135
5137
5138 5140
5139 5141
5139 5141
5141 5143
5142 5144
5144 5146
5146
5146 5148
5146 5150
5147 5150
5151
5151 5153
5152 5154
5153 5156
5155
5156 5158
5157 5159
5158 5160
5159 5162
6241
6241
6261 6263
6261 6263
6281 6283
6281 6283
6298
6298 6300
6308
6308
6320 6322
6320 6322
6333
6333
6340 6342
6340 6342
6347
6347
6354
6354
6360
6360
6367
6367
6373 6375
6373 6375
6380
6380
6388
6388
6394 6396
6394 6396
6402
6402
6409
6409
6415 6417
6415 6417
6422 6424
6422 6424
6435 6437
6435 6437
6447
6447
6455 6457
6455 6457
6472 6474
6472 6474
6480
6480
6486
6486 6488
6502 6505
6502 6506
6511 6514
6512 6514
6522 6524
6523
6546
6546
6570
6570
6588 6590
6588 6590
6608
6608
6647 6649
6647 6649
6661
6665 6667
6683 6685
6685
6686 6688
6687 6689
6689
6690
6690 6692
6692
6693 6695
6698
6703 6705
6709 6711
6715
6717 6719
6723
6725 6727
6733
6736 6738
6753
6755 6757
6773
6774 6776
6775 6777
6777
6778
6779 6781
6780 6782
6782
6783
6784
6785
6787
6788
6789
6790
6791 6793
6792 6794
6795
6796
6797
6798
6799
6800 6802
6802
6803 6805
6803 6805
6805
6806 6808
6807 6809
6808 6810
6810
6812
6813
6814
6815 6817
6816 6818
6817 6819
6818 6820
6820
6821 6823
6822 6824
6824 6826
6825 6827
6826 6828
6827 6829
6829
6830
6831 6833
6832 6834
6833 6835
6835 6837
6836 6838
6838
6839
6840 6842
6841 6843
6842 6844
6844
6845
6846 6848
6847 6849
6849
6850 6852
6852
6852 6854
6854
6855
6856 6858
6857 6859
6858 6860
6860 6862
6861 6863
6862 6864
6864
6865
6866
6867 6869
6869
6871
6871 6873
6873
6874
6875
6876
6877 6879
6878 6880
6880
6881 6883
6882 6884
6884
6885
6886
6887 6889
6888 6890
6889 6891
6892
6893
6894
6894
6895
6896
6897 6899
6898
6909 6911
6909 6911
6914
6916
6917
6920
6937
6938
6939
6940 6942
6941 6943
6942 6944
6944 6946
6946
6947 6949
6948 6950
6948 6950
6949 6952
6951 6953
6953
6954 6956
6956
6957
6958
6958 6960
6959 6962
6961 6963
6962 6964
6963 6966
6964 6967
6966 6968
6966 6969
6969 6971
6970 6972
6970 6973
6972 6975
6974 6977
6976 6978
6978 6980
6980 6983
6981 6984
6983 6985
6984 6986
6985 6988
6987 6989
6988 6990
6990 6992
6992 6994
7004 7006
7007
7025
7026
7027 7029
7028 7030
7030 7032
7031 7033
7031 7033
7033 7035
7033 7036
7035 7037
7037
7038
7040
7042 7044
7042 7044
7044
7044 7046
7046 7048
7046 7048
7052
7053 7055
7053 7055
7068
7068 7070
7071
7071 7073
7073
7073 7075
7075 7077
7076
7076 7079
7078 7080
7079 7081
7081
7083
7084
7085
7086
7087 7089
7088 7090
7089 7091
7092
7092 7094
7093 7095
7095
7096
7097
7099
7100
7101
7102 7104
7103 7105
7105
7105 7107
7107
7108
7109 7111
7110
7111
7111 7113
7129 7131
7130 7132
7132
7133
7135
7136
7137 7139
7138 7140
7139 7141
7140 7142
7141 7143
7142 7144
7144 7146
7146
7146 7148
7148
7149
7151
7152
7153
7154
7155 7157
7156 7158
7157 7159
7160
7161
7162
7163
7164
7166
7166 7168
7168 7170
7169 7171
7171
7172 7174
7173 7175
7174 7176
7176
7177 7179
7178
7178 7180
7180 7182
7181 7183
7182 7184
7183 7185
7186
7187 7189
7189
7189
7191
7192
7193 7195
7194 7196
7196
7197
7198
7199 7201
7200 7202
7201 7203
7202 7204
7204 7206
7205 7207
7207
7208
7209
7210 7212
7212
7213
7214
7214 7216
7215
7232
7233 7235
7234 7236
7237
7235 7237
7237 7239
7238 7240
7240
7241
7241 7243
7244
7245 7247
7245 7247
7246 7248
7247 7249
7249 7251
7250 7252
7252
7253
7254
7253 7255
7256
7255
7256
7257
7257
7258 7260
7259 7261
7260 7262
7262
7264
7265
7265 7267
7266 7268
7269
7270
7271
7272 7274
7273 7275
7274 7276
7275 7277
7276 7278
7278
7279 7281
7280 7282
7282
7284 7286
7285 7287
7681
7697
7698
7699
7700
7702
7702
7707
7707
7727
7740
7754
7770
7771
7772
7774
7775
7776
7777
7779
7794 7798
7811
7812
7814
7815
7817
7822
7839
7840
7841
7842
7843
7844
7845
7846
7848
7903
7912
7928
7929
7930 7933
7930 7933
7930 7933
7934
7935
7936
7937
7939
7940
7941
7942
7943
7944
7945
7947
7948
7949
7950
7951
7959
7975
7977
7978
7979
7980
7982
7983
7984
7987
8002
8003
8005
8006
8007
8008
8009
8010
8011
8013
8014
8015
8016
8017
8018
8020
8021
8037
8046
8048
8063
8160
8176
8178
8179
8180
8181
8183
8184
8185
8186
8187
8189
8202 8206
8220
8221
8222
8223
8224
8225
8226
8228
8229
8230
8231
8233
8234
8235
8236
8237
8238
8240
8240
8242
8245
8261
8262
8264
8265
8266
8267
8268
8269
8270
8272
8273
8274
8275
8276
8278
8279
8280
8281
8282
8283
8284
8285
8287
8288
8289
8290
8291
8293
8294
8295
8297
8298
8314
8315
8316
8317
8319
8320
8321
8322
8323
8324
8325
8327
8328
8329
8330
8331
8333
8334
8335
8336
8337
8338
8339 8343
8357
8373
8375
8376
8377
8378
8379
8380
8382
8383
8384
8385
8386
8388
8389
8390
8391
8392
8392
8393
8394
8396
8397
8398
8399
8402
8418
8434
8436
8437
8438
8439
8440
8441
8442
8443
8445
8446
8447
8448
8449
8451
8452
8453
8454
8455
8456
8458
8459
8460
8461
8462
8463
8465
8466
8467
8468
8474
8491
8492
8493
8494
8496
8497
8498
8499
8500
8501
8502
8504
8505
8506
8507
8508
8509
8510
8512
8513
8514
8515
8516
8517
8519
8520
8521
8522
8523
8526
8529
8546
8547
8548
8549
8551
8552
8553
8554
8555
8556
8557
8559
8560
8561
8562
8563
8565
8566
8567
8568
8569
8570
8571
8572
8574
8575
8577
8579
8596
8597
8598
8599
8600
8601
8602
8604
8605
8606
8607
8609
8610
8610 8614
8610 8614
8610 8614
8614
8615
8616
8618
8619
8620
8621
8623
8624
close
close
close
close
